ID	trialnr	pic_nr	timeover	RT_total	RT_planung	control_planning_x	control_planning_y	RT_movement	posx	posy
JohNe	1	21	0	  950.50	  293.96	514	568	  656.53	510	354
JohNe	2	12	0	  830.49	  230.17	515	567	  600.32	518	361
JohNe	3	16	0	  956.41	  220.95	509	564	  735.46	518	359
JohNe	4	14	0	  886.37	  198.79	513	565	  687.58	513	359
JohNe	5	48	0	 1065.95	  193.27	511	569	  872.68	511	357
JohNe	6	6	0	  845.61	  254.07	513	569	  591.55	508	359
JohNe	7	45	0	  840.52	  208.09	514	570	  632.43	513	359
JohNe	8	33	0	  894.58	   39.40	510	568	  855.18	514	356
JohNe	9	34	0	 1091.43	  204.59	506	562	  886.85	505	357
JohNe	10	39	0	  999.54	  174.65	509	565	  824.89	509	357
JohNe	11	18	0	  870.07	  101.68	512	568	  768.39	513	353
JohNe	12	6	0	  962.29	  202.18	510	562	  760.11	503	358
JohNe	13	9	0	  780.34	   11.59	510	565	  768.74	515	357
JohNe	14	41	0	  676.70	    0.76	508	558	  675.94	510	353
JohNe	15	26	0	  833.47	   17.93	509	567	  815.54	508	357
JohNe	16	43	0	  784.86	   40.95	509	568	  743.91	507	354
JohNe	17	19	0	 1232.73	  248.08	499	567	  984.65	509	359
JohNe	18	23	0	  973.16	  285.82	508	570	  687.34	512	363
JohNe	19	17	0	 1228.62	  227.77	512	569	 1000.85	516	359
JohNe	20	8	0	  842.15	  170.90	509	569	  671.25	506	364
JohNe	21	27	0	 1153.03	  466.15	513	566	  686.87	513	358
JohNe	22	31	0	 1210.29	  233.26	513	564	  977.03	513	360
JohNe	23	33	0	 1023.50	  248.00	514	567	  775.50	516	361
JohNe	24	15	0	 1110.80	  231.20	509	569	  879.60	515	360
JohNe	25	21	0	  873.42	  233.26	513	563	  640.15	514	359
JohNe	26	1	0	  870.66	  231.61	512	566	  639.05	509	353
JohNe	27	23	0	  987.90	  212.44	513	569	  775.47	516	360
JohNe	28	13	0	  893.06	  221.29	509	564	  671.77	517	364
JohNe	29	32	0	  961.73	  225.51	512	558	  736.22	512	359
JohNe	30	28	0	  954.90	   18.27	510	567	  936.63	517	362
JohNe	31	24	0	 1100.03	  219.00	512	557	  881.03	516	358
JohNe	32	41	0	  967.36	  206.68	512	568	  760.68	511	358
JohNe	33	9	0	  786.20	   24.23	509	569	  761.97	517	362
JohNe	34	38	0	  865.93	  194.13	514	570	  671.80	525	365
JohNe	35	34	0	  976.98	  239.68	511	568	  737.30	517	363
JohNe	36	46	0	 1015.99	  199.81	513	563	  816.17	514	358
JohNe	37	4	0	  903.04	  238.62	512	564	  664.43	514	359
JohNe	38	38	0	 1347.34	  219.37	515	566	 1127.98	520	360
JohNe	39	24	0	  828.63	  244.27	512	569	  584.36	519	360
JohNe	40	14	0	  826.90	  164.46	511	569	  662.44	517	358
JohNe	41	27	0	 1130.57	  267.74	513	567	  862.83	516	358
JohNe	42	47	0	  877.56	  198.37	514	563	  679.19	512	357
JohNe	43	7	0	  970.14	  211.00	512	559	  759.13	513	363
JohNe	44	13	0	  963.05	  236.14	506	559	  726.91	515	357
JohNe	45	36	0	  956.64	   92.01	511	569	  864.64	515	353
JohNe	46	15	0	 1117.63	  206.59	514	564	  911.05	508	357
JohNe	47	25	0	  943.53	  231.20	514	569	  712.33	521	355
JohNe	48	10	0	  920.93	  185.34	510	561	  735.59	523	361
JohNe	49	36	0	 1021.01	  204.26	511	566	  816.75	522	360
JohNe	50	18	0	 1123.97	  219.06	518	569	  904.91	519	359
JohNe	51	22	0	 1062.50	  237.50	515	556	  825.01	519	356
JohNe	52	35	0	 1034.97	  241.65	511	567	  793.32	515	361
JohNe	53	45	0	 1068.92	  269.00	518	564	  799.92	514	362
JohNe	54	4	0	  832.12	  160.58	514	566	  671.54	513	358
JohNe	55	28	0	  912.59	  191.73	512	563	  720.87	517	362
JohNe	56	29	0	  818.29	  187.64	511	562	  630.65	516	357
JohNe	57	10	0	  810.73	  234.17	515	562	  576.56	521	360
JohNe	58	7	0	  820.04	  115.19	510	570	  704.85	511	355
JohNe	59	42	0	 1234.48	  251.12	512	570	  983.36	515	359
JohNe	60	31	0	  897.12	  168.50	510	570	  728.62	521	358
JohNe	61	30	0	 1051.71	  147.97	510	564	  903.74	519	356
JohNe	62	40	0	  880.85	  241.43	513	566	  639.43	517	357
JohNe	63	30	0	 1037.01	  237.35	513	563	  799.66	519	360
JohNe	64	12	0	 1195.80	  219.32	515	558	  976.48	520	360
JohNe	65	40	0	  923.29	  225.97	515	570	  697.32	522	355
JohNe	66	2	0	 1037.19	  245.93	511	569	  791.27	510	359
JohNe	67	11	0	  635.69	  204.67	510	570	  431.02	521	355
JohNe	68	37	0	  891.43	  210.43	512	561	  681.01	525	357
JohNe	69	35	0	 1134.23	  254.13	512	567	  880.11	518	362
JohNe	70	2	0	  952.24	  224.76	512	570	  727.48	512	358
JohNe	71	25	0	 1122.30	  242.41	512	565	  879.89	514	354
JohNe	72	3	0	 1171.92	  252.06	510	567	  919.87	513	361
JohNe	73	22	0	 1156.37	  235.68	509	569	  920.69	518	355
JohNe	74	5	0	 1204.56	  260.97	506	570	  943.59	517	357
JohNe	75	5	0	 1054.13	  231.36	510	568	  822.77	508	358
JohNe	76	43	0	 1045.62	  229.55	510	569	  816.07	512	363
JohNe	77	44	0	 1040.83	  258.18	510	566	  782.65	511	360
JohNe	78	48	0	 1103.20	  231.24	509	569	  871.95	511	361
JohNe	79	16	0	 1082.05	  218.78	510	569	  863.26	510	357
JohNe	80	44	0	 1280.27	  263.53	509	568	 1016.74	512	367
JohNe	81	17	0	 1227.79	  339.84	512	570	  887.95	511	355
JohNe	82	26	0	 1103.78	  327.62	514	565	  776.16	517	356
JohNe	83	1	0	 1227.34	  363.36	511	565	  863.98	516	362
JohNe	84	20	0	 1233.22	  265.01	512	570	  968.21	511	370
JohNe	85	46	0	 1031.48	  327.17	514	566	  704.30	516	357
JohNe	86	20	0	 1116.02	  291.64	511	569	  824.39	510	364
JohNe	87	32	0	 1367.13	  336.19	511	565	 1030.93	514	358
JohNe	88	37	0	 1173.40	  268.86	510	562	  904.54	517	362
JohNe	89	42	0	 1182.27	  293.89	515	568	  888.38	511	362
JohNe	90	8	0	 1133.82	  300.01	514	566	  833.82	516	358
JohNe	91	39	0	 1285.70	  334.08	512	568	  951.62	520	367
JohNe	92	47	0	  834.22	  217.07	512	567	  617.15	514	369
JohNe	93	11	0	  865.49	  241.61	508	561	  623.88	512	364
JohNe	94	3	0	  878.98	  269.78	510	569	  609.20	512	360
JohNe	95	19	0	  994.61	  251.05	510	568	  743.56	516	359
JohNe	96	29	0	  987.33	  331.70	512	565	  655.63	522	362
