ID	trialnr	pic_nr	timeover	RT_total	RT_planung	control_planning_x	control_planning_y	RT_movement	posx	posy
LisDe	1	48	0	  826.07	  283.68	515	569	  542.39	514	366
LisDe	2	38	0	 1370.51	  584.83	514	570	  785.69	522	362
LisDe	3	34	1	 1476.21	  801.64	509	570	  674.57	0	0
LisDe	4	33	0	  818.29	  275.10	516	570	  543.19	533	342
LisDe	5	35	0	  672.54	  268.51	507	557	  404.02	529	366
LisDe	6	13	0	  900.72	  382.10	511	568	  518.61	503	368
LisDe	7	39	0	 1130.50	  377.35	510	566	  753.15	511	329
LisDe	8	42	0	  972.61	  309.06	513	565	  663.55	506	381
LisDe	9	3	0	 1053.34	  549.24	517	565	  504.10	506	346
LisDe	10	9	0	  947.88	  340.48	513	566	  607.40	521	353
LisDe	11	5	0	 1270.48	  502.06	512	567	  768.42	514	367
LisDe	12	31	0	 1451.27	  628.41	511	564	  822.87	507	376
LisDe	13	43	0	 1071.96	  409.20	512	568	  662.76	511	365
LisDe	14	12	1	 1475.14	  766.37	513	567	  708.77	0	0
LisDe	15	20	0	  862.17	  262.17	511	566	  600.00	518	363
LisDe	16	7	0	 1323.85	  492.41	510	569	  831.44	520	366
LisDe	17	40	0	 1157.62	  278.11	508	568	  879.51	512	374
LisDe	18	4	0	  878.89	  280.12	514	565	  598.76	511	368
LisDe	19	44	0	 1060.29	  357.45	512	562	  702.84	511	371
LisDe	20	10	0	 1114.74	  360.94	512	569	  753.81	517	375
LisDe	21	44	0	 1134.07	  365.54	507	565	  768.53	511	383
LisDe	22	43	0	 1024.52	  262.91	515	563	  761.61	512	359
LisDe	23	24	0	  918.14	  271.02	506	564	  647.12	512	361
LisDe	24	46	0	 1137.77	  289.93	512	568	  847.84	514	372
LisDe	25	6	0	 1003.42	  316.97	510	566	  686.45	508	373
LisDe	26	35	1	 1475.49	  299.83	508	567	 1175.65	0	0
LisDe	27	33	0	 1092.17	  252.40	506	568	  839.77	520	371
LisDe	28	27	0	  992.39	  290.04	513	568	  702.35	498	371
LisDe	29	37	0	 1050.19	  290.17	509	567	  760.01	527	362
LisDe	30	29	0	  985.13	  311.38	510	570	  673.75	496	355
LisDe	31	3	0	  961.90	  242.26	512	565	  719.64	521	361
LisDe	32	45	0	 1079.79	  463.11	496	565	  616.67	513	358
LisDe	33	48	0	  852.37	  197.59	510	569	  654.78	511	360
LisDe	34	37	0	 1034.31	  273.74	512	566	  760.57	518	363
LisDe	35	25	0	  945.92	  241.83	512	567	  704.09	515	368
LisDe	36	42	0	  948.62	  229.06	512	565	  719.56	512	372
LisDe	37	7	0	  967.87	  270.74	514	565	  697.13	508	357
LisDe	38	41	0	 1384.64	  721.44	508	570	  663.20	503	365
LisDe	39	5	0	 1169.57	  505.14	514	569	  664.43	520	361
LisDe	40	16	0	  953.62	  273.22	508	566	  680.40	512	372
LisDe	41	4	0	  811.41	  227.90	512	564	  583.52	521	371
LisDe	42	1	0	 1043.83	  235.28	511	570	  808.55	516	374
LisDe	43	2	0	  985.85	  250.07	510	566	  735.79	518	361
LisDe	44	18	0	 1274.20	  306.71	508	568	  967.49	519	374
LisDe	45	14	0	 1470.39	  390.00	510	569	 1080.39	514	359
LisDe	46	41	0	  930.39	  219.00	513	570	  711.39	515	353
LisDe	47	15	0	  949.85	  285.42	510	567	  664.42	518	371
LisDe	48	32	1	 1475.08	  752.19	512	566	  722.89	0	0
LisDe	49	45	0	 1022.30	  459.86	508	570	  562.44	512	363
LisDe	50	17	1	 1475.43	  739.50	512	562	  735.93	0	0
LisDe	51	9	0	 1116.06	  348.30	510	567	  767.76	521	386
LisDe	52	28	0	 1008.50	  239.93	512	567	  768.56	520	371
LisDe	53	27	0	 1056.23	  391.89	509	569	  664.34	516	359
LisDe	54	19	0	  934.03	  308.62	509	565	  625.40	508	359
LisDe	55	47	0	  888.82	  329.62	511	568	  559.20	502	356
LisDe	56	38	0	  821.58	  340.84	512	565	  480.74	541	367
LisDe	57	34	0	  813.73	  235.69	514	569	  578.04	522	362
LisDe	58	32	0	  853.18	  315.86	512	567	  537.32	510	339
LisDe	59	26	0	  826.21	  312.99	510	565	  513.22	505	365
LisDe	60	23	0	  848.44	  281.07	516	570	  567.37	526	375
LisDe	61	30	0	  806.21	  269.84	509	566	  536.37	518	347
LisDe	62	26	0	  924.11	  365.30	503	565	  558.81	503	364
LisDe	63	40	0	  800.95	  279.46	512	565	  521.49	540	375
LisDe	64	14	0	  696.09	  271.58	511	565	  424.52	488	369
LisDe	65	20	0	  958.25	  373.53	510	566	  584.73	519	368
LisDe	66	10	0	 1015.50	  296.79	511	570	  718.70	509	363
LisDe	67	47	0	  815.12	  231.15	513	565	  583.97	523	359
LisDe	68	36	0	  943.86	  350.29	508	567	  593.57	516	354
LisDe	69	36	0	  965.08	  252.42	510	569	  712.66	508	350
LisDe	70	46	0	  853.75	  332.03	516	567	  521.72	519	363
LisDe	71	25	0	  907.79	  315.77	507	562	  592.02	510	366
LisDe	72	22	0	  751.39	  231.11	511	562	  520.29	520	363
LisDe	73	6	0	  841.91	  247.99	517	568	  593.91	505	370
LisDe	74	39	0	  967.72	  408.80	515	564	  558.92	520	374
LisDe	75	23	0	  833.87	  258.95	518	568	  574.92	544	366
LisDe	76	22	0	  713.30	  225.70	501	568	  487.60	524	357
LisDe	77	16	0	  853.30	  276.80	514	569	  576.51	499	370
LisDe	78	2	0	  890.65	  252.23	514	563	  638.42	511	355
LisDe	79	21	0	  808.79	  270.99	516	570	  537.80	522	362
LisDe	80	19	0	  775.26	   87.89	505	569	  687.37	513	363
LisDe	81	12	0	  736.16	  104.43	525	566	  631.73	537	368
LisDe	82	13	0	  716.58	   51.97	510	570	  664.61	516	356
LisDe	83	21	0	  830.81	  222.65	514	570	  608.16	517	372
LisDe	84	8	0	  887.16	  398.68	492	565	  488.48	521	367
LisDe	85	30	0	  835.64	  258.54	506	565	  577.10	517	362
LisDe	86	28	0	  888.71	  232.78	511	567	  655.93	512	361
LisDe	87	1	0	  981.79	  269.77	514	567	  712.02	520	361
LisDe	88	29	0	  847.10	  230.04	512	568	  617.06	525	353
LisDe	89	31	0	  764.31	  236.61	498	569	  527.71	515	356
LisDe	90	8	0	  798.42	  262.65	506	570	  535.78	503	365
LisDe	91	17	0	  885.62	  334.44	516	570	  551.18	527	370
LisDe	92	15	0	  841.76	  290.66	508	567	  551.10	509	372
LisDe	93	11	0	  880.70	  296.06	506	569	  584.64	507	358
LisDe	94	11	0	  894.44	  230.74	514	562	  663.70	517	368
LisDe	95	18	0	  795.80	  227.48	507	565	  568.32	520	368
LisDe	96	24	0	  788.57	  251.24	513	567	  537.32	507	364
